CHR_A	BP_A	SNP_A	CHR_B	BP_B	SNP_B	R2
6	26404958	rs10456045	6	26319486	rs9467704	0.24213
6	26404958	rs10456045	6	26362643	rs9393708	0.381052
6	26404958	rs10456045	6	26364930	rs9379855	0.381052
6	26404958	rs10456045	6	26365346	rs3734536	0.606151
6	26404958	rs10456045	6	26377546	rs1977	0.381052
6	26404958	rs10456045	6	26415637	rs742090	0.461733
6	26404958	rs10456045	6	26451553	rs2237236	0.678171
6	26404958	rs10456045	6	26472114	rs9358945	0.470123
6	26404958	rs10456045	6	26472655	rs7763910	0.6163
6	26404958	rs10456045	6	26474044	rs7773938	0.470123
6	28033523	rs10484403	6	27808192	rs201002	0.378052
6	28033523	rs10484403	6	27815494	rs200991	0.580055
6	28033523	rs10484403	6	27970031	rs149946	0.973513
6	28033523	rs10484403	6	27980220	rs149970	0.950158
6	28033523	rs10484403	6	27987776	rs149976	0.62328
6	28033523	rs10484403	6	28011652	rs202906	0.392526
6	28033523	rs10484403	6	28023751	rs9393881	0.973513
6	28033523	rs10484403	6	28064623	rs9380052	0.973513
6	28033523	rs10484403	6	28077374	rs203884	0.734815
6	28033523	rs10484403	6	28078303	rs6932109	0.973513
6	28033523	rs10484403	6	28100640	rs1225710	0.598599
6	28033523	rs10484403	6	28103691	rs1340004	0.973513
6	28033523	rs10484403	6	28168726	rs1233701	0.926295
6	28033523	rs10484403	6	28173010	rs1237875	0.926295
6	28033523	rs10484403	6	28173219	rs1233708	0.711738
6	28033523	rs10484403	6	28214698	rs17720293	0.562689
12	56470625	rs11171739	12	56412487	rs1701704	0.65446
12	56470625	rs11171739	12	56435504	rs705705	0.65446
12	56470625	rs11171739	12	56482180	rs2292239	0.669786
6	27007113	rs11756275	6	27024687	rs12190473	0.375983
6	27007113	rs11756275	6	27057518	rs7451149	1
1	114161116	rs1217200	1	114089316	rs17013326	0.821155
1	114161116	rs1217200	1	114303808	rs6679677	0.370768
1	114161116	rs1217200	1	114377568	rs2476601	0.370768
6	27024687	rs12190473	6	27007113	rs11756275	0.375983
6	27024687	rs12190473	6	27057518	rs7451149	0.375983
6	28100640	rs1225710	6	27808192	rs201002	0.222859
6	28100640	rs1225710	6	27815494	rs200991	0.399309
6	28100640	rs1225710	6	27970031	rs149946	0.608967
6	28100640	rs1225710	6	27980220	rs149970	0.624666
6	28100640	rs1225710	6	27987776	rs149976	0.958726
6	28100640	rs1225710	6	28011652	rs202906	0.226274
6	28100640	rs1225710	6	28023751	rs9393881	0.608967
6	28100640	rs1225710	6	28033523	rs10484403	0.598599
6	28100640	rs1225710	6	28064623	rs9380052	0.647152
6	28100640	rs1225710	6	28077374	rs203884	0.801691
6	28100640	rs1225710	6	28078303	rs6932109	0.647152
6	28100640	rs1225710	6	28103691	rs1340004	0.647152
6	28100640	rs1225710	6	28168726	rs1233701	0.673651
6	28100640	rs1225710	6	28173010	rs1237875	0.673651
6	28100640	rs1225710	6	28173219	rs1233708	0.834742
6	28100640	rs1225710	6	28214698	rs17720293	0.304613
6	28168726	rs1233701	6	27808192	rs201002	0.328887
6	28168726	rs1233701	6	27815494	rs200991	0.554565
6	28168726	rs1233701	6	27970031	rs149946	0.899799
6	28168726	rs1233701	6	27980220	rs149970	0.876798
6	28168726	rs1233701	6	27987776	rs149976	0.70097
6	28168726	rs1233701	6	28011652	rs202906	0.340907
6	28168726	rs1233701	6	28023751	rs9393881	0.899799
6	28168726	rs1233701	6	28033523	rs10484403	0.926295
6	28168726	rs1233701	6	28064623	rs9380052	0.950215
6	28168726	rs1233701	6	28077374	rs203884	0.747557
6	28168726	rs1233701	6	28078303	rs6932109	0.950215
6	28168726	rs1233701	6	28100640	rs1225710	0.673651
6	28168726	rs1233701	6	28103691	rs1340004	0.950215
6	28168726	rs1233701	6	28173010	rs1237875	1
6	28168726	rs1233701	6	28173219	rs1233708	0.802617
6	28168726	rs1233701	6	28214698	rs17720293	0.495962
6	28173219	rs1233708	6	27808192	rs201002	0.287051
6	28173219	rs1233708	6	27815494	rs200991	0.495163
6	28173219	rs1233708	6	27970031	rs149946	0.727171
6	28173219	rs1233708	6	27980220	rs149970	0.745053
6	28173219	rs1233708	6	27987776	rs149976	0.86782
6	28173219	rs1233708	6	28011652	rs202906	0.293706
6	28173219	rs1233708	6	28023751	rs9393881	0.727171
6	28173219	rs1233708	6	28033523	rs10484403	0.711738
6	28173219	rs1233708	6	28064623	rs9380052	0.768695
6	28173219	rs1233708	6	28077374	rs203884	0.958234
6	28173219	rs1233708	6	28078303	rs6932109	0.768695
6	28173219	rs1233708	6	28100640	rs1225710	0.834742
6	28173219	rs1233708	6	28103691	rs1340004	0.768695
6	28173219	rs1233708	6	28168726	rs1233701	0.802617
6	28173219	rs1233708	6	28173010	rs1237875	0.802617
6	28173219	rs1233708	6	28214698	rs17720293	0.380794
6	28173010	rs1237875	6	27808192	rs201002	0.328887
6	28173010	rs1237875	6	27815494	rs200991	0.554565
6	28173010	rs1237875	6	27970031	rs149946	0.899799
6	28173010	rs1237875	6	27980220	rs149970	0.876798
6	28173010	rs1237875	6	27987776	rs149976	0.70097
6	28173010	rs1237875	6	28011652	rs202906	0.340907
6	28173010	rs1237875	6	28023751	rs9393881	0.899799
6	28173010	rs1237875	6	28033523	rs10484403	0.926295
6	28173010	rs1237875	6	28064623	rs9380052	0.950215
6	28173010	rs1237875	6	28077374	rs203884	0.747557
6	28173010	rs1237875	6	28078303	rs6932109	0.950215
6	28173010	rs1237875	6	28100640	rs1225710	0.673651
6	28173010	rs1237875	6	28103691	rs1340004	0.950215
6	28173010	rs1237875	6	28168726	rs1233701	1
6	28173010	rs1237875	6	28173219	rs1233708	0.802617
6	28173010	rs1237875	6	28214698	rs17720293	0.495962
6	28103691	rs1340004	6	27808192	rs201002	0.367148
6	28103691	rs1340004	6	27815494	rs200991	0.564628
6	28103691	rs1340004	6	27970031	rs149946	0.946826
6	28103691	rs1340004	6	27980220	rs149970	0.923869
6	28103691	rs1340004	6	27987776	rs149976	0.673317
6	28103691	rs1340004	6	28011652	rs202906	0.380998
6	28103691	rs1340004	6	28023751	rs9393881	0.946826
6	28103691	rs1340004	6	28033523	rs10484403	0.973513
6	28103691	rs1340004	6	28064623	rs9380052	1
6	28103691	rs1340004	6	28077374	rs203884	0.794833
6	28103691	rs1340004	6	28078303	rs6932109	1
6	28103691	rs1340004	6	28100640	rs1225710	0.647152
6	28103691	rs1340004	6	28168726	rs1233701	0.950215
6	28103691	rs1340004	6	28173010	rs1237875	0.950215
6	28103691	rs1340004	6	28173219	rs1233708	0.768695
6	28103691	rs1340004	6	28214698	rs17720293	0.54879
6	27970031	rs149946	6	27808192	rs201002	0.415278
6	27970031	rs149946	6	27815494	rs200991	0.61482
6	27970031	rs149946	6	27980220	rs149970	0.974976
6	27970031	rs149946	6	27987776	rs149976	0.634635
6	27970031	rs149946	6	28011652	rs202906	0.429233
6	27970031	rs149946	6	28023751	rs9393881	1
6	27970031	rs149946	6	28033523	rs10484403	0.973513
6	27970031	rs149946	6	28064623	rs9380052	0.946826
6	27970031	rs149946	6	28077374	rs203884	0.751802
6	27970031	rs149946	6	28078303	rs6932109	0.946826
6	27970031	rs149946	6	28100640	rs1225710	0.608967
6	27970031	rs149946	6	28103691	rs1340004	0.946826
6	27970031	rs149946	6	28168726	rs1233701	0.899799
6	27970031	rs149946	6	28173010	rs1237875	0.899799
6	27970031	rs149946	6	28173219	rs1233708	0.727171
6	27970031	rs149946	6	28214698	rs17720293	0.54879
6	27980220	rs149970	6	27808192	rs201002	0.383441
6	27980220	rs149970	6	27815494	rs200991	0.617689
6	27980220	rs149970	6	27970031	rs149946	0.974976
6	27980220	rs149970	6	27987776	rs149976	0.650478
6	27980220	rs149970	6	28011652	rs202906	0.396099
6	27980220	rs149970	6	28023751	rs9393881	0.974976
6	27980220	rs149970	6	28033523	rs10484403	0.950158
6	27980220	rs149970	6	28064623	rs9380052	0.923869
6	27980220	rs149970	6	28077374	rs203884	0.771411
6	27980220	rs149970	6	28078303	rs6932109	0.923869
6	27980220	rs149970	6	28100640	rs1225710	0.624666
6	27980220	rs149970	6	28103691	rs1340004	0.923869
6	27980220	rs149970	6	28168726	rs1233701	0.876798
6	27980220	rs149970	6	28173010	rs1237875	0.876798
6	27980220	rs149970	6	28173219	rs1233708	0.745053
6	27980220	rs149970	6	28214698	rs17720293	0.508105
6	27987776	rs149976	6	27808192	rs201002	0.233402
6	27987776	rs149976	6	27815494	rs200991	0.414347
6	27987776	rs149976	6	27970031	rs149946	0.634635
6	27987776	rs149976	6	27980220	rs149970	0.650478
6	27987776	rs149976	6	28011652	rs202906	0.237429
6	27987776	rs149976	6	28023751	rs9393881	0.634635
6	27987776	rs149976	6	28033523	rs10484403	0.62328
6	27987776	rs149976	6	28064623	rs9380052	0.673317
6	27987776	rs149976	6	28077374	rs203884	0.833349
6	27987776	rs149976	6	28078303	rs6932109	0.673317
6	27987776	rs149976	6	28100640	rs1225710	0.958726
6	27987776	rs149976	6	28103691	rs1340004	0.673317
6	27987776	rs149976	6	28168726	rs1233701	0.70097
6	27987776	rs149976	6	28173010	rs1237875	0.70097
6	27987776	rs149976	6	28173219	rs1233708	0.86782
6	27987776	rs149976	6	28214698	rs17720293	0.316703
1	114089316	rs17013326	1	114161116	rs1217200	0.821155
1	114089316	rs17013326	1	114303808	rs6679677	0.218342
1	114089316	rs17013326	1	114377568	rs2476601	0.218342
12	112486818	rs17696736	12	112007756	rs653178	0.57395
12	112486818	rs17696736	12	112463296	rs4767293	0.342245
6	28214698	rs17720293	6	27808192	rs201002	0.814828
6	28214698	rs17720293	6	27815494	rs200991	0.848887
6	28214698	rs17720293	6	27970031	rs149946	0.54879
6	28214698	rs17720293	6	27980220	rs149970	0.508105
6	28214698	rs17720293	6	27987776	rs149976	0.316703
6	28214698	rs17720293	6	28011652	rs202906	0.769495
6	28214698	rs17720293	6	28023751	rs9393881	0.54879
6	28214698	rs17720293	6	28033523	rs10484403	0.562689
6	28214698	rs17720293	6	28064623	rs9380052	0.54879
6	28214698	rs17720293	6	28077374	rs203884	0.414874
6	28214698	rs17720293	6	28078303	rs6932109	0.54879
6	28214698	rs17720293	6	28100640	rs1225710	0.304613
6	28214698	rs17720293	6	28103691	rs1340004	0.54879
6	28214698	rs17720293	6	28168726	rs1233701	0.495962
6	28214698	rs17720293	6	28173010	rs1237875	0.495962
6	28214698	rs17720293	6	28173219	rs1233708	0.380794
6	26377546	rs1977	6	26319486	rs9467704	0.635424
6	26377546	rs1977	6	26362643	rs9393708	1
6	26377546	rs1977	6	26364930	rs9379855	1
6	26377546	rs1977	6	26365346	rs3734536	0.349061
6	26377546	rs1977	6	26404958	rs10456045	0.381052
6	26377546	rs1977	6	26451553	rs2237236	0.289142
6	26377546	rs1977	6	26472114	rs9358945	0.678602
6	26377546	rs1977	6	26472655	rs7763910	0.280175
6	26377546	rs1977	6	26474044	rs7773938	0.678602
6	27815494	rs200991	6	27808192	rs201002	0.780078
6	27815494	rs200991	6	27970031	rs149946	0.61482
6	27815494	rs200991	6	27980220	rs149970	0.617689
6	27815494	rs200991	6	27987776	rs149976	0.414347
6	27815494	rs200991	6	28011652	rs202906	0.734171
6	27815494	rs200991	6	28023751	rs9393881	0.61482
6	27815494	rs200991	6	28033523	rs10484403	0.580055
6	27815494	rs200991	6	28064623	rs9380052	0.564628
6	27815494	rs200991	6	28077374	rs203884	0.495955
6	27815494	rs200991	6	28078303	rs6932109	0.564628
6	27815494	rs200991	6	28100640	rs1225710	0.399309
6	27815494	rs200991	6	28103691	rs1340004	0.564628
6	27815494	rs200991	6	28168726	rs1233701	0.554565
6	27815494	rs200991	6	28173010	rs1237875	0.554565
6	27815494	rs200991	6	28173219	rs1233708	0.495163
6	27815494	rs200991	6	28214698	rs17720293	0.848887
6	27808192	rs201002	6	27815494	rs200991	0.780078
6	27808192	rs201002	6	27970031	rs149946	0.415278
6	27808192	rs201002	6	27980220	rs149970	0.383441
6	27808192	rs201002	6	27987776	rs149976	0.233402
6	27808192	rs201002	6	28011652	rs202906	0.947434
6	27808192	rs201002	6	28023751	rs9393881	0.415278
6	27808192	rs201002	6	28033523	rs10484403	0.378052
6	27808192	rs201002	6	28064623	rs9380052	0.367148
6	27808192	rs201002	6	28077374	rs203884	0.314539
6	27808192	rs201002	6	28078303	rs6932109	0.367148
6	27808192	rs201002	6	28100640	rs1225710	0.222859
6	27808192	rs201002	6	28103691	rs1340004	0.367148
6	27808192	rs201002	6	28168726	rs1233701	0.328887
6	27808192	rs201002	6	28173010	rs1237875	0.328887
6	27808192	rs201002	6	28173219	rs1233708	0.287051
6	27808192	rs201002	6	28214698	rs17720293	0.814828
6	28011652	rs202906	6	27808192	rs201002	0.947434
6	28011652	rs202906	6	27815494	rs200991	0.734171
6	28011652	rs202906	6	27970031	rs149946	0.429233
6	28011652	rs202906	6	27980220	rs149970	0.396099
6	28011652	rs202906	6	27987776	rs149976	0.237429
6	28011652	rs202906	6	28023751	rs9393881	0.429233
6	28011652	rs202906	6	28033523	rs10484403	0.392526
6	28011652	rs202906	6	28064623	rs9380052	0.380998
6	28011652	rs202906	6	28077374	rs203884	0.322302
6	28011652	rs202906	6	28078303	rs6932109	0.380998
6	28011652	rs202906	6	28100640	rs1225710	0.226274
6	28011652	rs202906	6	28103691	rs1340004	0.380998
6	28011652	rs202906	6	28168726	rs1233701	0.340907
6	28011652	rs202906	6	28173010	rs1237875	0.340907
6	28011652	rs202906	6	28173219	rs1233708	0.293706
6	28011652	rs202906	6	28214698	rs17720293	0.769495
6	28077374	rs203884	6	27808192	rs201002	0.314539
6	28077374	rs203884	6	27815494	rs200991	0.495955
6	28077374	rs203884	6	27970031	rs149946	0.751802
6	28077374	rs203884	6	27980220	rs149970	0.771411
6	28077374	rs203884	6	27987776	rs149976	0.833349
6	28077374	rs203884	6	28011652	rs202906	0.322302
6	28077374	rs203884	6	28023751	rs9393881	0.751802
6	28077374	rs203884	6	28033523	rs10484403	0.734815
6	28077374	rs203884	6	28064623	rs9380052	0.794833
6	28077374	rs203884	6	28078303	rs6932109	0.794833
6	28077374	rs203884	6	28100640	rs1225710	0.801691
6	28077374	rs203884	6	28103691	rs1340004	0.794833
6	28077374	rs203884	6	28168726	rs1233701	0.747557
6	28077374	rs203884	6	28173010	rs1237875	0.747557
6	28077374	rs203884	6	28173219	rs1233708	0.958234
6	28077374	rs203884	6	28214698	rs17720293	0.414874
6	26451553	rs2237236	6	26362643	rs9393708	0.289142
6	26451553	rs2237236	6	26364930	rs9379855	0.289142
6	26451553	rs2237236	6	26365346	rs3734536	0.792364
6	26451553	rs2237236	6	26377546	rs1977	0.289142
6	26451553	rs2237236	6	26404958	rs10456045	0.678171
6	26451553	rs2237236	6	26415637	rs742090	0.7036
6	26451553	rs2237236	6	26472114	rs9358945	0.308434
6	26451553	rs2237236	6	26472655	rs7763910	0.443161
6	26451553	rs2237236	6	26474044	rs7773938	0.308434
12	56482180	rs2292239	12	56412487	rs1701704	0.905477
12	56482180	rs2292239	12	56435504	rs705705	0.905477
12	56482180	rs2292239	12	56470625	rs11171739	0.669786
6	26365346	rs3734536	6	26362643	rs9393708	0.349061
6	26365346	rs3734536	6	26364930	rs9379855	0.349061
6	26365346	rs3734536	6	26377546	rs1977	0.349061
6	26365346	rs3734536	6	26404958	rs10456045	0.606151
6	26365346	rs3734536	6	26415637	rs742090	0.541989
6	26365346	rs3734536	6	26451553	rs2237236	0.792364
6	26365346	rs3734536	6	26472114	rs9358945	0.343899
6	26365346	rs3734536	6	26472655	rs7763910	0.395076
6	26365346	rs3734536	6	26474044	rs7773938	0.343899
12	112463296	rs4767293	12	112486818	rs17696736	0.342245
6	28078303	rs6932109	6	27808192	rs201002	0.367148
6	28078303	rs6932109	6	27815494	rs200991	0.564628
6	28078303	rs6932109	6	27970031	rs149946	0.946826
6	28078303	rs6932109	6	27980220	rs149970	0.923869
6	28078303	rs6932109	6	27987776	rs149976	0.673317
6	28078303	rs6932109	6	28011652	rs202906	0.380998
6	28078303	rs6932109	6	28023751	rs9393881	0.946826
6	28078303	rs6932109	6	28033523	rs10484403	0.973513
6	28078303	rs6932109	6	28064623	rs9380052	1
6	28078303	rs6932109	6	28077374	rs203884	0.794833
6	28078303	rs6932109	6	28100640	rs1225710	0.647152
6	28078303	rs6932109	6	28103691	rs1340004	1
6	28078303	rs6932109	6	28168726	rs1233701	0.950215
6	28078303	rs6932109	6	28173010	rs1237875	0.950215
6	28078303	rs6932109	6	28173219	rs1233708	0.768695
6	28078303	rs6932109	6	28214698	rs17720293	0.54879
6	26415637	rs742090	6	26365346	rs3734536	0.541989
6	26415637	rs742090	6	26404958	rs10456045	0.461733
6	26415637	rs742090	6	26451553	rs2237236	0.7036
6	26415637	rs742090	6	26472114	rs9358945	0.23518
6	26415637	rs742090	6	26472655	rs7763910	0.694941
6	26415637	rs742090	6	26474044	rs7773938	0.23518
6	27057518	rs7451149	6	27007113	rs11756275	1
6	27057518	rs7451149	6	27024687	rs12190473	0.375983
6	26472655	rs7763910	6	26362643	rs9393708	0.280175
6	26472655	rs7763910	6	26364930	rs9379855	0.280175
6	26472655	rs7763910	6	26365346	rs3734536	0.395076
6	26472655	rs7763910	6	26377546	rs1977	0.280175
6	26472655	rs7763910	6	26404958	rs10456045	0.6163
6	26472655	rs7763910	6	26415637	rs742090	0.694941
6	26472655	rs7763910	6	26451553	rs2237236	0.443161
6	26472655	rs7763910	6	26472114	rs9358945	0.353467
6	26472655	rs7763910	6	26474044	rs7773938	0.353467
6	26474044	rs7773938	6	26319486	rs9467704	0.42409
6	26474044	rs7773938	6	26362643	rs9393708	0.678602
6	26474044	rs7773938	6	26364930	rs9379855	0.678602
6	26474044	rs7773938	6	26365346	rs3734536	0.343899
6	26474044	rs7773938	6	26377546	rs1977	0.678602
6	26474044	rs7773938	6	26404958	rs10456045	0.470123
6	26474044	rs7773938	6	26415637	rs742090	0.23518
6	26474044	rs7773938	6	26451553	rs2237236	0.308434
6	26474044	rs7773938	6	26472114	rs9358945	1
6	26474044	rs7773938	6	26472655	rs7763910	0.353467
6	26472114	rs9358945	6	26319486	rs9467704	0.42409
6	26472114	rs9358945	6	26362643	rs9393708	0.678602
6	26472114	rs9358945	6	26364930	rs9379855	0.678602
6	26472114	rs9358945	6	26365346	rs3734536	0.343899
6	26472114	rs9358945	6	26377546	rs1977	0.678602
6	26472114	rs9358945	6	26404958	rs10456045	0.470123
6	26472114	rs9358945	6	26415637	rs742090	0.23518
6	26472114	rs9358945	6	26451553	rs2237236	0.308434
6	26472114	rs9358945	6	26472655	rs7763910	0.353467
6	26472114	rs9358945	6	26474044	rs7773938	1
6	26364930	rs9379855	6	26319486	rs9467704	0.635424
6	26364930	rs9379855	6	26362643	rs9393708	1
6	26364930	rs9379855	6	26365346	rs3734536	0.349061
6	26364930	rs9379855	6	26377546	rs1977	1
6	26364930	rs9379855	6	26404958	rs10456045	0.381052
6	26364930	rs9379855	6	26451553	rs2237236	0.289142
6	26364930	rs9379855	6	26472114	rs9358945	0.678602
6	26364930	rs9379855	6	26472655	rs7763910	0.280175
6	26364930	rs9379855	6	26474044	rs7773938	0.678602
6	28064623	rs9380052	6	27808192	rs201002	0.367148
6	28064623	rs9380052	6	27815494	rs200991	0.564628
6	28064623	rs9380052	6	27970031	rs149946	0.946826
6	28064623	rs9380052	6	27980220	rs149970	0.923869
6	28064623	rs9380052	6	27987776	rs149976	0.673317
6	28064623	rs9380052	6	28011652	rs202906	0.380998
6	28064623	rs9380052	6	28023751	rs9393881	0.946826
6	28064623	rs9380052	6	28033523	rs10484403	0.973513
6	28064623	rs9380052	6	28077374	rs203884	0.794833
6	28064623	rs9380052	6	28078303	rs6932109	1
6	28064623	rs9380052	6	28100640	rs1225710	0.647152
6	28064623	rs9380052	6	28103691	rs1340004	1
6	28064623	rs9380052	6	28168726	rs1233701	0.950215
6	28064623	rs9380052	6	28173010	rs1237875	0.950215
6	28064623	rs9380052	6	28173219	rs1233708	0.768695
6	28064623	rs9380052	6	28214698	rs17720293	0.54879
6	26362643	rs9393708	6	26319486	rs9467704	0.635424
6	26362643	rs9393708	6	26364930	rs9379855	1
6	26362643	rs9393708	6	26365346	rs3734536	0.349061
6	26362643	rs9393708	6	26377546	rs1977	1
6	26362643	rs9393708	6	26404958	rs10456045	0.381052
6	26362643	rs9393708	6	26451553	rs2237236	0.289142
6	26362643	rs9393708	6	26472114	rs9358945	0.678602
6	26362643	rs9393708	6	26472655	rs7763910	0.280175
6	26362643	rs9393708	6	26474044	rs7773938	0.678602
6	28023751	rs9393881	6	27808192	rs201002	0.415278
6	28023751	rs9393881	6	27815494	rs200991	0.61482
6	28023751	rs9393881	6	27970031	rs149946	1
6	28023751	rs9393881	6	27980220	rs149970	0.974976
6	28023751	rs9393881	6	27987776	rs149976	0.634635
6	28023751	rs9393881	6	28011652	rs202906	0.429233
6	28023751	rs9393881	6	28033523	rs10484403	0.973513
6	28023751	rs9393881	6	28064623	rs9380052	0.946826
6	28023751	rs9393881	6	28077374	rs203884	0.751802
6	28023751	rs9393881	6	28078303	rs6932109	0.946826
6	28023751	rs9393881	6	28100640	rs1225710	0.608967
6	28023751	rs9393881	6	28103691	rs1340004	0.946826
6	28023751	rs9393881	6	28168726	rs1233701	0.899799
6	28023751	rs9393881	6	28173010	rs1237875	0.899799
6	28023751	rs9393881	6	28173219	rs1233708	0.727171
6	28023751	rs9393881	6	28214698	rs17720293	0.54879
6	26319486	rs9467704	6	26362643	rs9393708	0.635424
6	26319486	rs9467704	6	26364930	rs9379855	0.635424
6	26319486	rs9467704	6	26377546	rs1977	0.635424
6	26319486	rs9467704	6	26404958	rs10456045	0.24213
6	26319486	rs9467704	6	26472114	rs9358945	0.42409
6	26319486	rs9467704	6	26474044	rs7773938	0.42409
