CHR_A	BP_A	SNP_A	CHR_B	BP_B	SNP_B	R2
10	114781297	rs10787472	10	114732882	rs7917983	0.452962
10	114781297	rs10787472	10	114748497	rs4074720	0.95659
10	114781297	rs10787472	10	114754071	rs34872471	0.443989
10	114781297	rs10787472	10	114754088	rs7901695	0.491463
10	114781297	rs10787472	10	114758349	rs7903146	0.477891
10	114781297	rs10787472	10	114767771	rs4132670	0.495109
10	114781297	rs10787472	10	114788815	rs12243326	0.363936
10	114781297	rs10787472	10	114807047	rs11196205	0.934647
10	114781297	rs10787472	10	114811316	rs11196208	0.934647
10	114807047	rs11196205	10	114732882	rs7917983	0.4018
10	114807047	rs11196205	10	114748497	rs4074720	0.891097
10	114807047	rs11196205	10	114754071	rs34872471	0.494717
10	114807047	rs11196205	10	114754088	rs7901695	0.545568
10	114807047	rs11196205	10	114758349	rs7903146	0.531464
10	114807047	rs11196205	10	114767771	rs4132670	0.550804
10	114807047	rs11196205	10	114781297	rs10787472	0.934647
10	114807047	rs11196205	10	114788815	rs12243326	0.405103
10	114807047	rs11196205	10	114811316	rs11196208	1
10	114811316	rs11196208	10	114732882	rs7917983	0.4018
10	114811316	rs11196208	10	114748497	rs4074720	0.891097
10	114811316	rs11196208	10	114754071	rs34872471	0.494717
10	114811316	rs11196208	10	114754088	rs7901695	0.545568
10	114811316	rs11196208	10	114758349	rs7903146	0.531464
10	114811316	rs11196208	10	114767771	rs4132670	0.550804
10	114811316	rs11196208	10	114781297	rs10787472	0.934647
10	114811316	rs11196208	10	114788815	rs12243326	0.405103
10	114811316	rs11196208	10	114807047	rs11196205	1
10	114788815	rs12243326	10	114748497	rs4074720	0.326408
10	114788815	rs12243326	10	114754071	rs34872471	0.79789
10	114788815	rs12243326	10	114754088	rs7901695	0.693291
10	114788815	rs12243326	10	114758349	rs7903146	0.780328
10	114788815	rs12243326	10	114767771	rs4132670	0.714236
10	114788815	rs12243326	10	114781297	rs10787472	0.363936
10	114788815	rs12243326	10	114807047	rs11196205	0.405103
10	114788815	rs12243326	10	114811316	rs11196208	0.405103
12	71577101	rs1495377	12	71433293	rs7955901	0.450484
12	71577101	rs1495377	12	71439589	rs7138300	0.473976
12	71577101	rs1495377	12	71522953	rs1796330	0.654169
12	71577101	rs1495377	12	71566956	rs1510937	0.783139
12	71566956	rs1510937	12	71433293	rs7955901	0.356092
12	71566956	rs1510937	12	71439589	rs7138300	0.374661
12	71566956	rs1510937	12	71522953	rs1796330	0.591677
12	71566956	rs1510937	12	71577101	rs1495377	0.783139
10	114748497	rs4074720	10	114732882	rs7917983	0.455131
10	114748497	rs4074720	10	114754071	rs34872471	0.463211
10	114748497	rs4074720	10	114754088	rs7901695	0.511434
10	114748497	rs4074720	10	114758349	rs7903146	0.497924
10	114748497	rs4074720	10	114767771	rs4132670	0.515987
10	114748497	rs4074720	10	114781297	rs10787472	0.95659
10	114748497	rs4074720	10	114788815	rs12243326	0.326408
10	114748497	rs4074720	10	114807047	rs11196205	0.891097
10	114748497	rs4074720	10	114811316	rs11196208	0.891097
10	114767771	rs4132670	10	114732882	rs7917983	0.25534
10	114767771	rs4132670	10	114748497	rs4074720	0.515987
10	114767771	rs4132670	10	114754071	rs34872471	0.937608
10	114767771	rs4132670	10	114754088	rs7901695	0.978756
10	114767771	rs4132670	10	114758349	rs7903146	0.957645
10	114767771	rs4132670	10	114781297	rs10787472	0.495109
10	114767771	rs4132670	10	114788815	rs12243326	0.714236
10	114767771	rs4132670	10	114807047	rs11196205	0.550804
10	114767771	rs4132670	10	114811316	rs11196208	0.550804
10	114732882	rs7917983	10	114748497	rs4074720	0.455131
10	114732882	rs7917983	10	114754071	rs34872471	0.229674
10	114732882	rs7917983	10	114754088	rs7901695	0.250381
10	114732882	rs7917983	10	114758349	rs7903146	0.256615
10	114732882	rs7917983	10	114767771	rs4132670	0.25534
10	114732882	rs7917983	10	114781297	rs10787472	0.452962
10	114732882	rs7917983	10	114807047	rs11196205	0.4018
10	114732882	rs7917983	10	114811316	rs11196208	0.4018
